# GRAND UNIFIED DEEP CNN WEIGHTS (5,226 DIALS)
# Conv: 16 filters (5x5) + biases = 416 dials
# Hidden: 64 neurons (64 inputs + bias) = 4,160 dials
# Out: 10 judges (64 inputs + bias) = 650 dials

# FILTER 0 BIAS
-0.323119
# FILTER 0 STENCIL 5x5
-0.483244 -0.412369 -0.500876 -0.475507 -0.854355
-0.438785 -0.318053 -0.165884 -0.0688708 -0.252932
0.443691 -0.0140944 0.288129 0.596527 0.729069
0.443216 0.345222 0.464672 0.345225 -0.0336269
-0.293568 -0.00559677 -0.416717 -0.296877 -0.461228

# FILTER 1 BIAS
-1.0834
# FILTER 1 STENCIL 5x5
-0.142081 -0.358272 -0.810043 0.429415 0.94551
0.0316544 -0.103895 -0.38358 0.206794 0.35096
0.108984 0.101304 -0.332684 0.412567 0.21261
-0.0781933 -0.0562837 -0.669151 -0.169961 0.33244
-0.428527 -0.259242 -0.256418 0.0783826 1.2179

# FILTER 2 BIAS
-1.5235
# FILTER 2 STENCIL 5x5
0.753699 0.16532 -0.42552 -0.413469 -0.245721
0.503362 0.408201 0.357514 -0.671182 -0.78123
-0.41582 0.545875 1.2476 0.182501 -0.432924
-0.312846 -0.425171 0.703974 0.499984 -0.382165
-0.152665 -0.313447 0.206587 0.461857 0.574628

# FILTER 3 BIAS
-0.934233
# FILTER 3 STENCIL 5x5
0.80065 -0.0565182 -0.00129582 0.310377 0.376818
0.217622 0.341494 0.62979 0.536931 0.550625
-0.633714 -0.0984763 -0.271599 0.006692 0.303795
0.0572971 -0.20357 -0.416128 -0.86803 -0.368867
0.206181 -0.180125 -0.485734 -0.144312 -0.223962

# FILTER 4 BIAS
-0.117406
# FILTER 4 STENCIL 5x5
-0.036945 0.0205647 0.15221 0.016586 0.207179
-0.106132 0.0586338 0.30099 -0.0670244 -0.0103136
-0.0296803 0.0219956 0.205741 -0.110886 -0.170739
-0.081405 -0.0379955 0.290939 0.00782972 -0.0345959
-0.208056 -0.213874 0.173457 0.319399 -0.111828

# FILTER 5 BIAS
-0.284154
# FILTER 5 STENCIL 5x5
0.372026 0.351435 -0.151247 -0.186215 -0.157944
0.351212 -0.109504 -0.225451 -0.0970504 0.0208812
0.302347 -0.211621 -0.183739 -0.0542708 -0.129549
0.125379 0.0877687 -0.0823904 -0.258404 -0.16813
0.188708 0.225147 0.170931 -0.0168946 0.305913

# FILTER 6 BIAS
-1.43377
# FILTER 6 STENCIL 5x5
0.540935 0.288145 0.211026 0.188375 0.406739
-0.207054 0.143069 -0.0912311 -0.0409978 -0.248268
0.330332 0.497208 0.51686 -0.404448 -0.152284
0.377135 0.250737 0.13078 -0.193643 -0.00204699
0.515817 0.533712 -0.196187 -0.400584 0.0138085

# FILTER 7 BIAS
-0.220481
# FILTER 7 STENCIL 5x5
-0.0413052 -0.0635837 -0.241925 -0.212992 0.372108
-0.034455 0.0126916 -0.178614 -0.0533521 0.281907
-0.012942 -0.0779488 -0.0928255 0.166209 0.136227
-0.0210622 -0.0892394 0.185222 0.137922 -0.0563804
-0.195426 -0.0345243 0.164805 0.192295 0.102518

# FILTER 8 BIAS
0.151986
# FILTER 8 STENCIL 5x5
-0.0911867 -0.11709 -0.276359 0.0546225 0.205817
-0.157969 -0.342644 -0.578406 -0.347187 -0.295453
-0.127654 -0.224104 -0.329537 -0.344045 -0.482131
-0.452724 0.154197 0.578671 0.203299 -0.861398
-0.648183 0.458349 1.01546 0.324746 -0.296138

# FILTER 9 BIAS
-1.51145
# FILTER 9 STENCIL 5x5
-0.335331 0.026229 0.594335 0.0846597 0.227307
0.190446 0.69186 0.0784594 -0.0716386 -0.044321
0.26998 0.21473 -0.487779 -0.514868 -0.23711
0.240063 0.131476 -0.0953433 -0.353591 0.332892
0.0538293 0.407953 0.641325 0.644333 0.619776

# FILTER 10 BIAS
-0.0647409
# FILTER 10 STENCIL 5x5
-0.407796 -0.166563 -0.191999 -0.33436 -0.655284
-0.156441 -0.0486949 -0.0874168 -0.360162 0.146847
-0.111316 -0.305402 -0.312397 0.416232 0.701214
-0.198215 -0.45883 0.251133 0.518674 -0.0397683
-0.570396 -0.0414733 0.61126 0.402437 -0.715681

# FILTER 11 BIAS
-0.501383
# FILTER 11 STENCIL 5x5
-0.0688735 -0.104776 0.117839 0.571886 0.704515
0.163935 -0.00194126 0.428337 0.229864 -0.685627
0.621416 0.838121 -0.0955432 -0.451275 -0.656623
-0.744413 -0.425924 -0.49608 -0.280493 -0.515134
-0.310211 -0.147131 -0.365518 -0.211462 -0.361619

# FILTER 12 BIAS
0.0193415
# FILTER 12 STENCIL 5x5
0.477395 0.0800958 -0.148856 0.049806 -0.152874
0.187904 -0.305297 -0.0281228 -0.0777709 -0.0354091
0.258349 -0.460418 -0.0555003 -0.0865074 -0.0538608
0.354393 -0.116733 -0.028219 -0.166118 -0.206766
0.331298 -0.195795 -0.217314 -0.138785 -0.323287

# FILTER 13 BIAS
-0.399718
# FILTER 13 STENCIL 5x5
0.0400068 0.13805 -0.115534 -0.0551826 0.616601
0.0430986 -0.0418332 -0.252942 0.163087 0.300829
0.0273984 -0.0745817 -0.305668 0.27549 0.221909
-0.119685 -0.0594741 0.00771689 0.255909 -0.0433671
-0.279517 -0.0801054 0.136076 0.389326 0.0919221

# FILTER 14 BIAS
-0.589238
# FILTER 14 STENCIL 5x5
-0.153316 -0.538472 -0.709583 -0.79365 -0.867684
0.686314 0.605704 0.625169 0.685562 0.344276
0.00754954 0.117894 0.25615 0.32218 0.0776482
-0.16268 -0.13557 -0.0404649 -0.0137899 0.230868
0.16161 -0.235047 -0.0220496 -0.124349 -0.159098

# FILTER 15 BIAS
-0.102758
# FILTER 15 STENCIL 5x5
0.247643 0.181993 -0.042384 -0.0459303 0.0209891
0.162016 -0.24255 -0.0667575 -0.102062 -0.00495363
0.226767 -0.160831 0.0178986 0.0164387 -0.00355907
0.18232 -0.130345 -0.0294359 -0.00435332 -0.0355071
0.194859 -0.0613466 -0.124307 -0.0805423 -0.0503648

# HIDDEN 0 BIAS
-0.0642355
# HIDDEN 0 WEIGHTS (64 inputs)
-0.0580688 0.102745 0.0851029 -0.12404 0.232386 -0.281586 -0.0817841 -0.0382003 -0.125158 0.0443429 0.286568 0.0897949 -0.0889709 0.0624756 0.261192 -0.14288 0.211401 -0.0329123 -0.0850328 -0.0796109 0.0277378 0.0250554 0.070773 -0.0521176 0.116058 -0.0410666 0.0366681 0.0181597 -0.0557354 0.10837 -0.0497839 0.062886 -0.345575 -0.143948 -0.0401473 -0.06039 0.232948 -0.109374 0.0480692 -0.00405892 0.117304 0.0462397 -0.0545107 -0.00446664 0.114892 0.0838053 0.0808504 -0.152958 -0.0282197 -0.040893 -0.104037 -0.0896713 0.163155 -0.186343 0.0165402 0.0452615 0.00023221 0.301999 0.123963 0.0454495 0.0699017 -0.0999159 -0.0654664 -0.0719136

# HIDDEN 1 BIAS
-0.0490951
# HIDDEN 1 WEIGHTS (64 inputs)
-0.0583001 0.258793 0.203821 0.078852 0.052372 -0.332388 -0.176346 -0.332396 0.11183 -0.0267842 0.0987267 0.422293 0.0287757 0.00664186 0.30132 0.125938 -0.0049544 -0.0133261 0.0541198 -0.12383 -0.15486 -0.0722405 -0.00364949 0.00432692 -0.366792 -0.0221977 0.0688803 -0.0952206 -0.13531 -0.0554319 -0.0719799 0.0864716 0.0421479 -0.193607 0.343916 0.070958 0.0631719 0.164966 0.0889674 -0.0577271 -0.0898139 -0.00210487 0.111019 0.191532 -0.0883136 0.223612 0.218385 0.321756 -0.153578 0.0226357 0.0118703 -0.0221255 -0.00457154 -0.0658424 -0.181037 -0.0395517 0.112027 -0.211298 0.0248004 0.165009 -0.135536 -0.0454259 -0.00868024 0.000570537

# HIDDEN 2 BIAS
0.438028
# HIDDEN 2 WEIGHTS (64 inputs)
0.303196 0.408583 -0.268755 -0.180278 0.509917 -0.0465637 0.0883682 -0.299254 0.438212 0.645055 0.436102 0.317553 -0.254063 -0.28267 -0.25335 -0.244186 0.0182745 0.00891722 0.194313 0.0711679 -0.120741 -0.0968785 0.142528 0.277228 -1.25541 0.105426 0.174811 -0.18806 -0.230652 0.00218588 0.0985257 -0.34619 0.0426332 -0.154434 -0.190964 -0.129545 -0.230001 -0.46969 0.169151 0.0435517 0.0683179 -0.0168307 0.137845 -0.358444 -0.309592 0.481681 -0.0962145 0.352631 -0.23579 -0.0241449 0.0634377 0.309819 0.110224 -0.0298163 0.304262 -0.708549 0.208954 0.0986795 -0.337223 -0.729316 -0.408465 -0.052964 0.0603132 0.266616

# HIDDEN 3 BIAS
-0.130768
# HIDDEN 3 WEIGHTS (64 inputs)
0.368143 -0.673527 -7.83577e-05 -0.0708134 0.104886 0.0100148 -0.049595 -0.00168708 -0.21986 0.0733677 0.452574 0.136523 0.0523304 -0.120135 0.216834 -0.0868743 0.0370496 -0.0563003 0.0475859 0.023323 -0.0743553 0.0173103 0.176865 -0.0307674 -0.0192805 0.278934 -0.10854 -0.272614 -0.0393668 0.0226283 -0.0570479 -0.00405867 -0.129199 -0.253132 0.272507 0.177446 0.165795 0.228079 0.0912925 -0.0361085 0.104156 -0.169219 -0.0839295 0.249253 0.0427061 0.2118 0.0279436 0.45986 -0.211521 -0.0563483 -0.116643 -0.0107853 -0.02694 0.221929 -0.0319205 0.197572 0.293566 -0.0970054 0.0539953 -0.337326 -0.107609 -0.0160939 -0.0363981 0.0111918

# HIDDEN 4 BIAS
0.144365
# HIDDEN 4 WEIGHTS (64 inputs)
-0.092804 0.221214 0.191718 -0.116292 0.0272194 -0.0267137 -0.0134616 0.219774 0.0643056 -0.0818155 -0.207975 0.184481 0.00464242 0.128921 -0.0846771 0.0668412 -0.00758085 0.0296567 0.00012778 -0.0542248 -0.0643598 0.12132 -0.0498483 0.0527726 0.05369 0.0427529 -0.275827 0.331613 0.0969441 -0.20027 -0.113277 0.0940954 0.165568 0.200239 0.0976063 0.028091 -0.0473741 0.0248704 -0.265351 -0.0647586 -0.0481803 -0.0580516 -0.0264787 -0.0640761 -0.0473894 -0.160756 0.0158281 -0.166258 0.0842452 0.0504397 -0.0678437 0.178468 0.0290304 -0.101066 0.0527797 0.0755076 -0.00745383 -0.105066 0.204345 0.0584537 -0.089794 0.0651953 -0.0951567 0.0338647

# HIDDEN 5 BIAS
-0.0458647
# HIDDEN 5 WEIGHTS (64 inputs)
-0.238556 0.463967 0.113358 0.0607978 -0.336393 -0.507792 -0.377429 -0.188347 -0.349307 -0.256253 0.170443 0.51489 -0.0185663 0.355338 0.244262 0.250503 -0.00107861 0.0199035 0.0398259 -0.143644 -0.193965 -0.0310573 -0.0503473 -0.081436 -0.0954608 -0.320564 -0.122606 0.0217642 0.0735045 -0.183426 -0.185753 0.157725 -0.0758363 -0.000789353 0.518468 0.0143968 0.0608492 0.0401717 -0.0116847 -0.170957 -0.0728705 -0.0390117 -0.0721626 0.0651944 -0.094804 0.352494 0.149303 0.226875 -0.185935 -0.0777994 -0.0791614 -0.0866154 0.0594866 -0.228979 -0.147555 -0.0418674 0.0773086 0.0830475 0.151839 0.335346 -0.0517279 -0.088415 -0.0194423 -0.0870177

# HIDDEN 6 BIAS
-0.027912
# HIDDEN 6 WEIGHTS (64 inputs)
-0.122132 0.665174 0.486585 -0.332088 0.643539 -0.567714 -0.364074 -0.127945 0.884831 -0.142722 -0.115139 -0.259322 -0.0356799 0.667944 -0.246234 -1.02761 0.147853 0.0904787 -0.193608 -0.00753358 0.144387 -0.081195 0.1109 -0.102662 0.10842 -0.122207 -0.439558 0.400096 0.180477 0.0303107 -0.00483662 -0.0643377 -0.40328 0.0163754 -0.197052 -0.0721382 0.232359 0.387305 0.573971 -0.817307 0.14897 0.0724023 0.272712 -0.444381 0.373507 0.0173491 -0.0884923 -0.357371 -0.214213 0.162214 -0.23287 0.161997 0.115132 -0.185872 -0.2581 -0.0626893 -0.116374 0.750085 0.830127 -0.443171 0.0706883 0.12236 -0.0763121 0.0816619

# HIDDEN 7 BIAS
0.229411
# HIDDEN 7 WEIGHTS (64 inputs)
-0.357599 -0.234701 -0.00780461 0.27854 -0.601903 0.440199 0.381803 -0.0363823 -0.989621 -0.497177 -0.17783 -0.583216 -0.653109 -0.27461 -0.030942 -0.20098 -0.0458014 -0.00839501 -0.036816 -0.0101731 -0.0357416 0.115507 0.310771 -0.115209 0.45821 0.474251 0.894864 0.11598 0.0512938 0.188888 0.141312 0.189194 -0.579067 0.387337 -0.43611 0.0515542 0.0166192 0.12852 0.0751248 0.0751479 0.193184 0.466698 -0.465597 0.2322 0.184724 -0.00929023 0.0969335 0.278866 0.0628802 0.0944024 0.229682 -0.0583551 -0.0316413 0.210975 0.310533 0.182561 -0.463539 -0.0106752 -0.11737 -0.219291 0.0156056 0.0182079 0.0798135 -0.0492303

# HIDDEN 8 BIAS
-0.0177827
# HIDDEN 8 WEIGHTS (64 inputs)
0.627771 -0.308592 -0.123644 0.6313 -0.494593 -0.317663 0.488937 -0.5393 0.0938294 -0.774867 -0.154042 0.472289 0.860161 -0.399754 -0.688946 0.487899 -0.0672252 -0.0747087 0.00739573 0.0406619 -0.100814 0.226913 0.0691361 0.15711 -0.582498 0.735474 -0.34548 0.592991 -0.179529 -0.122069 0.112071 -0.132001 0.413621 -0.329745 -0.028715 0.196656 -0.31881 0.535049 -0.208714 0.478338 -0.499076 -0.436213 -0.285695 0.189102 0.537765 0.0937201 -0.794272 0.176148 -0.125363 -0.277698 -0.169683 0.0279471 -0.364064 -0.0714047 0.103266 -0.247424 1.00852 -0.000867688 0.486791 0.384642 -0.141875 -0.0875108 -0.118936 0.0178226

# HIDDEN 9 BIAS
-0.0855259
# HIDDEN 9 WEIGHTS (64 inputs)
-0.272969 0.319568 0.0294197 0.148047 -0.169896 -0.300809 -0.0408336 -0.0323212 0.118131 -0.399535 0.0884835 -0.0538906 -0.566195 -0.0230941 0.184184 0.139162 -0.0104813 -0.047138 0.02413 -0.122411 -0.0195096 -0.00210367 -0.077133 -0.0648699 0.318857 -0.536312 0.073662 -0.165302 0.107455 -0.00572613 -0.0366674 0.0623717 0.0750085 0.0803486 0.105182 0.128967 0.0275777 0.225301 0.166987 0.010025 -0.0687339 0.209868 0.0210956 0.0553454 -0.360276 0.0635036 0.110316 0.123899 0.109267 -0.0607281 0.0100396 -0.00115846 0.088025 -0.157515 -0.0688346 0.114765 -0.160197 -0.0499873 0.148067 0.24879 0.0130851 -0.106753 -0.0725956 -0.0502705

# HIDDEN 10 BIAS
-0.0563773
# HIDDEN 10 WEIGHTS (64 inputs)
-0.0727985 0.260146 -0.0885119 0.0873843 0.106964 0.216254 0.0396742 -0.222568 0.186882 0.0741905 0.0116361 0.17198 -0.206294 -0.0654338 -0.00805826 0.0754734 0.0527037 0.00357983 0.0160734 0.0619616 0.213776 -0.141291 0.173755 0.0793311 -0.166907 -0.0798123 0.223077 -0.102893 -0.11923 0.127583 0.0135899 -0.0853358 -0.0328473 -0.0806098 -0.252298 0.0955583 0.226888 -0.343145 0.141232 0.156898 0.0992659 0.208759 0.203504 -0.127393 0.0511992 0.147557 0.263497 -0.214796 -0.028098 -0.152662 0.037106 -0.0277645 0.0291498 0.0192925 0.000463589 -0.106534 0.0091775 0.153948 -0.0673752 0.0669802 -0.0163432 -0.0273376 -0.000940287 0.00221185

# HIDDEN 11 BIAS
-0.0244781
# HIDDEN 11 WEIGHTS (64 inputs)
-0.251589 0.700562 -0.49172 0.115474 -0.0119885 -0.302456 0.401537 -0.700605 0.667195 -0.139205 0.0978557 0.472075 -0.447299 -0.373078 0.439164 0.608499 0.086456 -0.101199 0.192094 -0.0110378 0.143123 -0.0982236 -0.11143 -0.0447119 -0.307508 -0.0764526 0.0255861 -0.270367 -0.0325437 0.134151 0.11027 -0.0876881 -0.0445233 -0.0938046 -0.27851 0.11147 -0.0618715 0.0724273 -0.187135 0.630558 -0.107817 0.397067 -0.199997 0.293004 -0.288708 0.622694 -0.00414971 0.186324 0.0576046 -0.118244 -0.00709013 0.0143659 0.0179792 -0.0256107 0.183051 -0.227369 -0.14274 -0.118792 -0.761159 -0.0886241 0.0355664 -0.0606419 0.122847 -0.0628146

# HIDDEN 12 BIAS
0.208552
# HIDDEN 12 WEIGHTS (64 inputs)
0.172629 0.812995 -0.0410374 -0.240379 -0.121455 0.410807 -0.64848 0.731752 0.528237 -0.639566 -0.584871 -1.22074 0.518081 0.825116 -0.430431 -0.385775 -0.0747578 0.013648 -0.071239 0.0243994 0.215799 0.0686289 0.0406687 -0.275668 1.02805 -0.0965108 0.0245469 0.146196 -0.0690531 -0.0416171 0.0152246 0.298989 0.343384 -0.165699 -0.0893579 -0.253748 -0.16387 0.292494 -0.302185 0.0771252 -0.159507 -0.0395682 0.16733 0.33325 0.0494809 0.319356 -0.439468 -0.266488 0.159371 -0.0195655 0.24605 -0.0555977 -0.230014 0.0646658 -0.147632 0.174255 0.0944874 0.457864 0.0321154 -0.316497 0.0471539 -0.0299072 0.105481 -0.0805751

# HIDDEN 13 BIAS
-0.0582588
# HIDDEN 13 WEIGHTS (64 inputs)
0.0650359 -0.000544383 -0.455628 -0.334203 -0.0989324 1.1232 -0.198751 -1.0775 0.173647 0.528263 -0.634808 0.490297 0.770444 0.135415 -0.25029 0.371583 0.0277736 -0.0556109 0.15926 -0.124774 -0.120686 0.0236511 -0.384381 0.261688 0.0355948 0.264796 0.7429 -0.0828893 -0.131594 0.110354 -0.0533016 0.0211511 0.299413 -0.317588 0.1423 0.00988064 -1.19008 -0.978021 0.189056 0.693996 0.130328 -0.327555 0.637694 0.142354 0.24955 0.00143063 0.421454 -0.56358 0.106791 0.295232 0.225735 -0.202173 -0.117433 0.430391 0.0209204 -0.25046 -0.0247609 -0.00252052 -0.82048 0.135832 -0.0890502 0.121217 0.0233039 -0.0571235

# HIDDEN 14 BIAS
-0.249374
# HIDDEN 14 WEIGHTS (64 inputs)
0.062403 -0.892603 0.305386 0.143047 -0.364121 0.2225 0.191237 -0.0601954 -1.04683 0.183211 0.844198 -0.363212 0.00101913 0.423987 0.627585 0.485243 0.0938353 -0.0275672 0.0885332 -0.148473 -0.175834 -0.0793409 0.0278487 -0.109082 0.542698 -0.132308 0.250384 -0.56675 -0.0302505 0.12646 -0.159705 0.155641 -0.396142 0.180197 0.0540647 -0.0179104 -0.541892 -0.271573 0.802278 -0.268545 0.196775 -0.0823547 -0.304976 0.413114 0.147329 -0.104193 -0.0224056 0.574477 0.0136175 0.0681615 0.194177 -0.4387 -0.174634 0.167353 -0.108059 0.210726 0.10031 -0.0565315 -0.121694 -0.034262 0.0823343 -0.139231 0.107673 -0.24202

# HIDDEN 15 BIAS
-0.15427
# HIDDEN 15 WEIGHTS (64 inputs)
0.397175 0.0452961 0.456237 0.00609974 -0.111339 -0.781483 -0.187581 -0.469626 0.0701869 -0.718127 0.214014 0.793422 0.358423 0.541385 0.311373 -0.492933 0.0613251 -0.0668774 0.0341811 -0.185521 -0.355427 0.0628352 -0.0310801 -0.177531 -0.4558 0.514966 -1.00322 0.382212 0.0395656 -0.4093 -0.145455 0.0366128 0.204606 -0.333093 1.18127 0.235064 -0.0801033 0.663831 0.110202 -0.533557 -0.578746 -0.379916 -0.322666 0.59635 -0.0445253 0.103169 0.196183 0.654618 -0.249146 0.0602628 -0.113318 -0.0367006 -0.170844 -0.251018 -0.338373 0.0493299 0.405162 0.0315758 0.285712 -0.119973 -0.331341 0.0466978 -0.117321 -0.117587

# HIDDEN 16 BIAS
0.00664661
# HIDDEN 16 WEIGHTS (64 inputs)
-0.354432 0.547914 0.515181 -0.234986 0.384845 -0.670174 -0.178763 -0.249644 0.0689042 -0.18143 -0.50084 0.225996 0.229593 0.673601 -0.240283 -0.371636 0.0696246 -0.00466023 -0.0969182 -0.187524 -0.100071 -0.0304137 -0.075819 0.0799175 0.17745 -0.135915 -0.0523093 0.303492 0.0504836 -0.20867 0.037055 -0.0300693 -0.083877 -0.00880433 0.55001 -0.120744 -0.156548 0.247958 0.224264 -0.439749 -0.169633 -0.108666 0.250068 -0.0946927 -0.12037 0.26056 0.196874 0.111034 -0.238411 0.0192941 0.0272914 0.0191849 0.155153 -0.141566 -0.047758 -0.0284882 -0.0690026 0.166963 0.223467 -0.154028 -0.00533155 0.0766947 0.00874597 -0.0533548

# HIDDEN 17 BIAS
-0.0131638
# HIDDEN 17 WEIGHTS (64 inputs)
-0.115517 -0.0426394 0.131624 0.202017 -0.168668 0.153767 0.149223 -0.0291386 0.583985 -0.602711 0.0673812 0.0464647 -0.724344 -0.874881 0.0850251 0.398318 -0.163889 0.0558749 0.138573 0.0888059 0.181858 -0.178558 0.270707 -0.0777958 -0.128288 -0.21981 0.302294 -0.0123744 -0.0810544 -0.00103628 0.0472449 0.0756102 0.661113 0.116575 -0.283646 0.0558471 0.383119 0.0548526 0.438027 -0.0406273 -0.0981675 0.495961 0.236396 -0.172978 -0.335765 -0.151088 0.365013 -0.150181 0.213574 -0.167945 -0.030109 -0.0637323 -0.0235391 0.00724141 0.0314517 -0.0251386 -0.379092 -0.633653 -0.0367361 0.546877 0.130101 0.0739613 0.0860535 -0.0930011

# HIDDEN 18 BIAS
-0.595294
# HIDDEN 18 WEIGHTS (64 inputs)
-0.756846 0.732281 -0.300131 0.3709 0.66308 -0.599899 -0.405623 0.157106 0.633271 0.0539126 0.130303 0.234963 -0.551207 0.657411 0.444972 0.384987 0.326002 -0.0149363 -0.0284152 -0.0241283 -0.216208 -0.156283 0.15938 -0.0908875 0.0247923 -1.25012 0.5586 -0.0563478 0.0205969 0.0224365 0.220764 -0.117045 -0.735133 -0.0714243 -0.0741499 -0.0313522 -0.306401 0.876908 0.239194 -0.313614 -0.302334 0.225044 0.176472 0.158573 -0.550329 0.281709 -0.522247 1.63026 -0.0927465 -0.33331 0.145754 -0.102075 0.235659 -0.226118 -0.0837423 0.0994419 -0.792404 0.0806137 0.372873 -0.202432 0.020181 -0.148965 0.175776 -0.0986806

# HIDDEN 19 BIAS
-0.229731
# HIDDEN 19 WEIGHTS (64 inputs)
-0.320982 -0.353464 -0.107216 0.247538 -0.201023 0.13799 0.091546 0.0400257 -0.605813 0.693892 0.528738 -0.775602 0.0557183 0.290258 0.366502 0.631003 0.0448641 -0.208286 0.0842901 -0.0586717 0.0513127 -0.247959 -0.0117417 -0.22289 0.775677 -0.685403 0.424977 -0.697097 -0.0394584 -0.0146425 0.0700566 0.173086 -0.257229 0.0664165 -0.282303 0.100713 -0.151818 -0.302784 0.175195 -0.0173097 -0.045204 0.0537177 -0.375413 0.476959 -0.0806075 -0.353013 -0.00166499 0.464006 0.166255 -0.215987 0.322043 -0.37761 0.0466254 -0.206682 -0.0540765 0.263137 0.184665 0.393863 -0.26813 0.209505 0.12481 -0.128163 0.143681 -0.137149

# HIDDEN 20 BIAS
-0.223994
# HIDDEN 20 WEIGHTS (64 inputs)
0.205989 -0.00189921 0.0281323 0.0912055 0.219059 0.436813 0.0203084 -0.254018 0.60061 0.0271965 -0.106333 0.253053 0.119315 0.200066 -0.183326 -0.0547359 0.157646 0.0704506 0.184156 0.0998081 0.0340232 -0.176065 0.165006 0.16481 -0.305345 -0.0558343 0.148705 -0.237954 -0.172265 0.156719 0.0954342 -0.132237 -0.200305 -0.144519 -0.0823229 0.102209 -0.131924 0.0552184 0.3796 0.0022778 0.012353 0.00128636 0.522785 -0.155134 -0.0585032 0.222575 -0.0672046 0.201303 -0.0690963 -0.160938 0.13191 -0.0401178 -0.0980145 0.170741 0.0536033 -0.0675383 0.0252773 -0.00229734 0.154831 -0.269392 -0.0548569 -0.0152282 0.0684535 0.00277385

# HIDDEN 21 BIAS
-0.034825
# HIDDEN 21 WEIGHTS (64 inputs)
-0.262047 0.256879 0.554596 -0.453286 0.42149 -0.237836 0.012145 -0.418046 -0.268272 0.336298 -0.147264 -0.40657 0.155319 0.595258 -0.196023 -1.21995 0.223326 0.0683888 -0.146224 -0.135037 -0.115181 0.0891241 0.0425524 -0.142931 0.574315 0.542859 -0.109007 0.199428 0.111251 -0.0753075 -0.0455783 0.0401739 -0.384763 -0.354035 0.490927 -0.106932 -0.159758 0.301464 0.509631 -0.708964 0.0596669 -0.422252 0.349999 0.184027 -0.0407328 -0.316873 0.778194 -0.0276268 -0.155103 0.191751 0.0160424 0.0135547 0.184504 0.0609845 -0.0353619 0.285247 -0.232468 0.0401514 -0.324846 -1.06492 0.0290037 0.11226 -0.0421782 0.0192016

# HIDDEN 22 BIAS
-0.158558
# HIDDEN 22 WEIGHTS (64 inputs)
0.135477 -0.939119 -0.0234371 0.255465 -0.294336 0.752757 -0.00403142 0.0462517 -0.0504915 0.679586 0.241034 -0.727145 0.296929 0.242936 -0.0743009 0.428012 0.0232842 0.00948986 0.179423 0.0250616 -0.202458 0.0784261 0.0576248 0.0494852 0.0191477 -0.20077 1.05249 -0.454387 0.000310136 0.154993 0.175908 -0.13171 -0.384208 0.0597834 -0.359464 0.0262723 -1.09738 -0.204644 0.305859 -0.345905 0.00771751 -0.419886 0.230343 0.0434788 -0.140397 -0.510341 -0.0864217 0.141426 0.162888 0.103537 0.388292 -0.135563 0.0630536 0.127734 0.220117 -0.0622965 0.410012 0.087823 0.1183 0.0771496 0.0682537 0.121483 0.25265 -0.128515

# HIDDEN 23 BIAS
0.168461
# HIDDEN 23 WEIGHTS (64 inputs)
-0.101796 -0.195683 -0.128311 -0.159859 -0.249886 0.493264 -0.108813 0.14561 -0.141127 0.0962531 -0.301783 -0.860089 0.172427 0.281599 0.06054 -0.0607017 -0.00646026 -0.0609505 0.134073 -0.0677669 -0.2463 0.138167 0.0319927 0.00988804 0.345992 -0.00905206 0.956948 -0.191954 -0.0202765 0.043884 0.20351 0.0673951 -0.171321 0.184224 -0.236893 -0.0201449 -0.444392 -0.0208288 0.179903 0.00591786 -0.0998195 -0.184919 0.108903 0.277219 -0.0918297 0.00793306 -0.00714892 0.203463 0.0367103 0.0342464 0.179951 -0.0532252 -0.108725 0.281596 0.218301 0.0513726 0.0445693 0.0371632 -0.257135 -0.421898 0.00981295 0.0407069 0.166545 -0.122989

# HIDDEN 24 BIAS
0.0789383
# HIDDEN 24 WEIGHTS (64 inputs)
0.467413 -0.621771 0.160955 -0.137735 0.0933804 0.201722 -0.422359 0.397127 -0.370456 0.0644418 0.481978 -0.118001 0.00236357 -0.245062 0.33015 -0.490627 0.0413804 0.0861448 -0.0249445 0.0769649 0.164545 0.020661 0.145663 0.000704321 0.149881 0.437987 -0.580809 0.0227808 0.141192 0.177028 -0.113136 -0.0189388 -0.327633 -0.0819753 -0.098427 0.0341178 0.493558 -0.402809 0.297001 0.231829 0.525325 -0.0324061 0.0555559 -0.15851 0.487485 -0.474554 0.334702 -0.749334 -0.07815 0.322778 -0.391024 0.174148 0.126536 0.123686 -0.164703 0.238507 -0.280911 0.335005 -0.220738 -0.0536423 0.178671 0.0680187 -0.0447289 0.107285

# HIDDEN 25 BIAS
0.0265821
# HIDDEN 25 WEIGHTS (64 inputs)
-0.22473 0.378894 0.152875 -0.212388 0.0897603 -0.930561 -0.463582 0.254872 0.228143 -0.224365 -0.16759 0.830487 -0.0879346 0.259427 0.065217 0.103992 0.0787359 0.0405077 -0.0494956 -0.141876 -0.044951 -0.0734367 -0.233455 -0.0886165 0.666628 -0.519474 -0.402741 0.0792918 0.0943185 -0.360927 0.00747968 0.118787 -0.119073 -0.0284687 0.542085 -0.0514165 0.105636 -0.26214 -0.134354 -0.444635 -0.0322481 -0.149678 -0.129408 -0.0471063 -0.0253225 0.296164 0.0948018 -0.0980577 -0.0381042 -0.0312682 -0.194141 0.112488 0.210402 -0.504224 -0.215715 0.106499 0.000399998 -0.0519612 0.106253 0.444873 0.0596861 -0.017444 -0.189636 -0.0320742

# HIDDEN 26 BIAS
0.0336287
# HIDDEN 26 WEIGHTS (64 inputs)
0.0696588 -0.00420795 0.284141 0.0855261 0.261947 -0.770362 -0.0973592 0.08874 -0.018805 -0.0339581 0.308791 0.496732 0.057124 0.0828195 0.284578 0.142014 -0.0251949 0.00861976 -0.00470533 -0.0902272 -0.121029 0.0401859 -0.110508 -0.120858 0.136289 -0.0809195 -0.505363 0.178265 0.0855789 -0.295794 -0.206805 0.0382356 0.0613269 -0.204085 0.510754 -0.125885 -0.194289 -0.0717145 -0.156535 -0.213213 -0.0415014 -0.146687 -0.299201 0.0388745 0.0122862 0.100883 -0.00975917 0.233556 -0.0511107 0.00530308 -0.181636 -0.00437774 0.1122 -0.236701 -0.179479 0.0536053 0.0596445 -0.0889424 0.167654 0.198911 -0.0485762 0.0273677 -0.163327 0.0758376

# HIDDEN 27 BIAS
-0.0126408
# HIDDEN 27 WEIGHTS (64 inputs)
-0.24547 0.174455 -0.00693781 0.0694356 -0.0303166 -0.306941 0.0540628 0.126942 -0.503103 0.393166 0.205065 -0.0420587 -0.124743 0.116832 0.125526 0.0793571 -0.00483313 -0.129549 0.0101422 -0.0407913 0.0508235 -0.121607 0.121416 -0.26114 0.483812 -0.340873 0.000621652 -0.0695815 0.164064 -0.0736691 -0.219246 0.0336568 -0.32292 -0.0791421 -0.089384 -0.187802 0.123398 -0.113592 0.0797215 0.0312242 0.150747 0.0934739 -0.150833 0.223101 0.0783477 0.116272 0.117546 -0.127797 0.133484 -0.06571 -0.00215835 -0.101797 0.144435 -0.202499 -0.0329282 0.217572 -0.0197294 0.240237 -0.403393 0.189491 0.104322 -0.0763993 0.07913 -0.12238

# HIDDEN 28 BIAS
0.023241
# HIDDEN 28 WEIGHTS (64 inputs)
0.00453756 -0.00410924 0.0578073 -0.184259 0.218721 -0.246338 -0.181267 0.36647 -0.1547 0.16125 0.173836 0.0722784 0.0205073 0.0516428 0.103757 -0.272817 0.0763103 0.0403701 -0.0899599 0.0405848 0.0963605 0.042827 -0.0406639 0.0289755 0.323778 -0.0569666 -0.328852 0.0376407 0.0646538 -0.115427 -0.154688 0.0582136 -0.142061 -0.00174832 -0.0487118 -0.0447244 0.136171 -0.3195 0.156342 -0.077893 0.212345 -0.0579506 -0.0903589 -0.11016 0.251378 -0.209985 0.0533361 -0.362369 0.0334664 0.141381 -0.167183 0.0136413 0.190244 -0.0642825 -0.0400522 0.140996 -0.0606446 0.121691 -0.0314957 0.0292077 0.094288 0.0973786 -0.10001 -0.0286249

# HIDDEN 29 BIAS
-0.212186
# HIDDEN 29 WEIGHTS (64 inputs)
-0.260436 0.230647 -0.174382 -0.0480424 0.299711 -0.630181 -0.0890762 0.0982819 0.192661 0.334776 0.444715 -0.0684186 -0.219547 0.25225 0.329482 0.222577 0.100187 -0.126257 -0.0525099 0.00712073 0.095245 -0.0671735 0.147338 -0.117736 0.46676 -0.508933 0.170052 -0.0377964 0.0674392 0.134938 -0.0464392 -0.0347792 -0.506483 -0.302233 -0.299544 -0.0775963 0.343624 0.0914586 -0.124782 -0.043411 0.149713 0.238041 -0.251666 0.174647 0.133216 0.112629 -0.220249 0.150885 0.118614 -0.245059 0.0117839 -0.216155 0.187979 -0.302257 -0.0554316 0.0592797 -0.277673 0.393581 0.160969 0.0297148 0.13441 -0.122778 -0.0160893 -0.0524624

# HIDDEN 30 BIAS
0.129905
# HIDDEN 30 WEIGHTS (64 inputs)
0.0830032 -0.276223 0.0014454 -0.0907503 0.171153 0.114808 -0.276702 0.517794 0.0523895 0.121488 0.204972 -0.0481001 0.133164 -0.369334 0.279297 -0.241658 -0.0461458 0.155752 -0.092173 0.0167757 -0.0644152 0.140488 -0.0928658 0.0545652 -0.129721 0.290161 -0.640293 0.103375 0.141676 0.0121341 -0.0189254 0.017705 -0.158862 0.149208 0.0331367 0.0728921 0.301313 0.107447 -0.215298 -0.288697 0.185292 -0.100592 -0.110202 -0.214352 0.146783 -0.455059 0.120338 -0.364236 -0.0334447 0.131099 -0.26806 0.282976 0.114096 0.0345805 -0.0503297 0.152571 0.0666731 -0.0450607 0.0941991 -0.203809 0.0120087 0.121665 -0.073416 -0.00286607

# HIDDEN 31 BIAS
-0.0177113
# HIDDEN 31 WEIGHTS (64 inputs)
-0.148876 -0.188619 0.104109 0.139212 -0.29933 0.310243 0.0909399 0.0147031 -0.0874054 0.0727748 0.112957 -0.158819 -0.400564 -0.29364 0.155901 0.0925098 -0.0387702 -0.0346443 0.06236 0.0810219 0.055231 0.0677062 -0.0103172 -0.0889657 -0.0470721 0.0459241 0.149087 -0.0750492 -0.106674 0.044087 0.0719989 0.04777 0.0350432 0.119831 -0.128387 -0.0919652 0.210758 0.00186273 0.177042 -0.0230016 0.0338003 0.106568 -0.0512679 -0.00778446 -0.181233 -0.0749877 0.0748812 0.025172 0.135799 -0.100873 -0.00477401 -0.0535314 -0.0907056 0.139865 0.00343796 0.0897755 -0.216775 -0.33545 0.193823 0.20088 0.061457 0.0917615 0.0570122 -0.0361287

# HIDDEN 32 BIAS
-0.288667
# HIDDEN 32 WEIGHTS (64 inputs)
0.425487 -0.747481 0.0991505 -0.238281 -0.751668 0.555714 -0.482996 -0.699028 -0.817015 0.30516 0.421558 1.14208 -0.440968 -0.0579991 0.356992 -0.204421 -0.134355 -0.0194125 0.0598971 -0.0675171 -0.379696 0.045245 0.051176 0.0525935 -0.890058 0.653443 -0.505553 -0.00081284 0.0142346 0.104639 -0.363199 0.198843 0.0557664 -0.441237 0.993784 0.15181 -0.0729231 0.251513 -0.0353936 0.244284 -0.136649 -0.212458 -0.110622 0.881261 -0.141926 0.294208 0.590955 0.563636 -0.355579 0.0750808 -0.150623 -0.264662 -0.352633 0.575741 -0.515665 0.242964 0.239464 0.061978 -0.218154 -0.050189 -0.234035 -0.0250365 -0.131635 -0.173091

# HIDDEN 33 BIAS
0.0692203
# HIDDEN 33 WEIGHTS (64 inputs)
0.253443 0.287011 0.0350917 -0.184174 -0.404074 -0.184812 -0.127434 -0.00065485 0.270427 -0.522272 1.10637 -1.24779 -0.892133 -0.0486839 0.45201 -0.310102 -0.127989 0.0294557 -0.035606 -0.0587505 0.202288 0.104856 0.0460169 -0.290988 0.914975 -0.140228 -0.40919 0.453791 0.139356 -0.0636977 -0.0714313 0.147333 0.0294005 0.236881 -0.175002 -0.20808 0.903483 -0.338393 -0.00972198 -0.387238 0.2344 0.294035 -0.506344 -0.483824 0.444301 -0.352703 -0.335785 -0.800714 0.255004 0.0156947 -0.0907043 -0.0198182 0.0358073 -0.169965 -0.0615715 0.318621 -0.511458 0.204424 0.93052 0.466475 0.215121 0.051949 0.0331047 -0.0367487

# HIDDEN 34 BIAS
0.456387
# HIDDEN 34 WEIGHTS (64 inputs)
0.127019 -0.0867628 0.251473 0.0108094 0.195507 0.102765 0.141362 0.00855973 -0.252353 0.107769 -0.204238 -0.452591 -0.0635761 -0.259976 -0.0180582 -0.0997393 -0.0680804 0.0523503 0.0156581 0.0710535 -0.141 0.181674 0.0340232 0.0175673 -0.189884 0.336567 -0.0804344 0.20163 0.0146011 -0.0197997 0.101753 -0.164275 -0.0387786 0.195599 -0.0333652 0.0507292 -0.198251 -0.139188 -0.324882 0.261105 0.223127 -0.11208 -0.237883 -0.207532 0.162979 -0.159059 -0.13399 -0.271601 -0.00187617 0.118152 0.103317 0.332436 0.153037 -0.00180843 0.281561 -0.117705 0.0577706 -0.0680372 0.080226 -0.000208143 -0.112284 0.0155077 0.0711645 0.186808

# HIDDEN 35 BIAS
0.570237
# HIDDEN 35 WEIGHTS (64 inputs)
-0.501102 -0.130906 -0.146685 0.0174896 -0.0787594 0.167135 0.380502 -0.160358 0.501892 -0.51547 0.343652 0.498093 -1.17869 -1.00239 -0.0171371 0.186347 -0.0629994 0.0410971 0.158169 0.0236377 0.0597388 0.0609973 0.137225 -0.0040355 0.0585854 0.191751 0.420646 0.186926 0.0162508 0.0742034 0.0984828 -0.04226 0.61356 0.313189 -0.322181 0.00209919 -0.260492 -0.460173 -0.090502 0.112828 -0.0964576 0.501642 -0.0569546 -0.124926 -0.592242 -0.348646 0.11926 -0.277731 0.201926 0.0529163 0.168624 0.0420585 0.0253523 -0.0451981 0.378218 -0.169459 -0.530326 -0.840773 -0.371424 0.169828 0.009546 0.0981014 0.16052 0.0872162

# HIDDEN 36 BIAS
-0.0464797
# HIDDEN 36 WEIGHTS (64 inputs)
-0.0679702 -0.183676 0.0373167 0.0303379 -0.135228 0.35025 0.0768932 -0.20433 0.221789 0.0338409 -0.170707 -0.10435 0.0503742 0.00675537 -0.0812279 0.191313 -0.0529944 -0.026946 -0.0439328 0.0701452 0.0110463 0.0326236 -0.00665033 0.0278813 -0.0251554 -0.130073 0.30587 -0.0407084 -0.0862097 0.105321 0.0385053 -0.0422005 0.151562 0.0819023 -0.199744 -0.121477 -0.0820566 -0.0730903 0.215583 0.128847 0.0930206 -6.15523e-05 0.183525 -0.160165 0.046053 0.0286988 0.144442 -0.102019 0.0155104 0.0150572 0.0267136 -0.0515403 -0.106494 0.0928284 0.132486 -0.152999 -0.101917 -0.0792826 0.0429721 0.119714 0.082001 -0.0319795 0.10361 0.0146631

# HIDDEN 37 BIAS
-0.167179
# HIDDEN 37 WEIGHTS (64 inputs)
0.20732 -0.00643775 -0.180306 0.144053 -0.0942239 0.0643182 -0.171037 -0.269513 0.270563 -0.370317 -0.0728373 0.396588 0.18303 0.0666939 -0.054744 0.00611134 0.104904 0.0798022 0.0172568 0.0550555 -0.0600161 -0.164782 -0.000322618 0.0798243 -0.267306 0.0992183 -0.000501175 -0.101506 -0.0636259 -0.0119741 0.042842 -0.019741 0.137963 -0.179787 0.386164 0.167161 0.126303 0.362889 0.183507 -0.00586102 -0.170184 0.025497 0.284006 0.148841 -0.220844 0.215644 -0.0271341 0.43255 -0.198536 -0.018381 -0.0776275 -0.068929 -0.216147 0.177633 -0.0974404 -0.063378 0.210937 -0.152118 0.233312 0.0118356 -0.0798758 -0.047742 -0.0293644 0.0351067

# HIDDEN 38 BIAS
0.158646
# HIDDEN 38 WEIGHTS (64 inputs)
-0.143809 -0.0959112 -0.0846298 0.0241824 -0.169997 0.299322 0.0286606 0.0206745 0.127422 -0.260896 -0.0296597 -0.0489441 -0.383835 -0.304411 -0.185985 0.0333404 0.0491793 -0.0247847 0.044165 0.0909802 -0.02521 0.0496247 -0.017505 0.0343045 -0.172306 0.0913136 0.195391 0.115816 -0.0514909 0.0203348 0.00882251 0.0795778 0.12303 0.220368 -0.0335804 0.0172936 0.0273145 -0.0892663 -0.07367 -0.0935352 0.010121 0.162294 -0.120057 0.0433042 -0.163653 -0.136678 0.0630899 -0.0430338 0.0235129 -0.0395077 0.158149 0.00665981 0.115419 0.0654789 0.142423 0.0145936 -0.134228 -0.263871 -0.0401003 0.0141217 -0.0547357 0.117913 0.0188757 -0.025063

# HIDDEN 39 BIAS
0.159514
# HIDDEN 39 WEIGHTS (64 inputs)
0.361782 -0.448857 0.227456 -0.00984645 -0.345111 0.521426 -0.117637 0.199856 -0.370219 0.00218579 0.0095995 -0.748117 0.242896 0.158773 0.0356786 0.00421973 -0.12153 -0.0298923 -0.0806033 -0.0177977 -0.106577 0.124919 -0.0338501 -0.0235639 0.242047 0.432187 0.355524 -0.128679 0.143336 0.0269377 0.0274449 0.0220818 -0.167348 0.407057 0.22311 0.00251285 -0.191161 0.0695021 0.0624357 -0.0287413 -0.0770474 -0.163246 -0.0452343 0.175963 0.0564655 -0.0187509 0.195306 0.233306 -0.0972735 0.0945444 0.360428 -0.039762 -0.143302 0.263897 0.214344 0.076444 0.120373 -0.341189 -0.0229767 -0.229226 0.0128917 -0.04169 -0.00805258 -0.0290442

# HIDDEN 40 BIAS
-0.115964
# HIDDEN 40 WEIGHTS (64 inputs)
0.422859 -1.0029 0.0271986 0.155746 -0.295914 0.571868 0.181082 0.110214 -0.0522394 0.413036 0.404717 -0.13238 0.213238 0.364112 0.0705274 -0.0144623 0.0636576 0.00423562 0.0671622 -0.0313877 -0.19035 0.110276 0.0258855 -0.0759516 0.375741 0.217822 0.217256 -0.255798 0.00269206 -0.00323163 0.00520723 0.00280086 -0.332166 -0.0100318 0.0691611 0.0522068 -0.881922 0.0559446 0.32404 -0.294109 -0.0999366 -0.475156 0.131124 0.175674 -0.191231 -0.333061 -0.163936 0.216601 0.10391 0.207193 0.160126 -0.168677 -0.0759024 0.0996293 0.0694316 0.189184 0.237323 -0.144545 -0.012287 -0.168434 0.0285457 0.0444615 0.0590085 0.00105803

# HIDDEN 41 BIAS
-0.0353283
# HIDDEN 41 WEIGHTS (64 inputs)
0.204193 0.135147 0.0889274 -0.154585 0.316139 0.153331 -0.116809 0.00975811 0.46884 -0.214668 -0.150304 0.241506 0.211033 0.0794487 -0.208609 -0.368826 0.0988674 0.0646734 -0.0171943 0.124232 0.131444 -0.195459 0.129356 0.175611 -0.136555 -0.00961518 -0.220436 0.01711 0.0691759 0.139354 0.0573898 -0.0479625 -0.118708 -0.0018144 -0.032254 0.110411 0.198776 0.136897 0.156799 -0.0988587 0.182108 0.18596 0.277858 -0.280525 0.124956 0.177607 -0.0731876 -0.179565 -0.0678107 0.0584781 -0.121694 0.180538 -0.0234147 0.137997 -0.0471592 0.0175531 -0.00406752 0.0803057 0.298877 -0.171471 0.072412 0.0600263 0.0110087 0.0927879

# HIDDEN 42 BIAS
0.518039
# HIDDEN 42 WEIGHTS (64 inputs)
0.0672833 -0.152014 -0.321897 -0.21348 0.327586 0.208898 0.0139436 -0.223365 0.174496 0.0727935 -0.389721 -1.36022 -0.231856 -0.200716 -0.334275 -0.383997 0.07885 0.022151 -0.116737 0.108392 0.103671 0.10541 -0.0625909 -0.0322677 -0.77086 0.274919 0.243516 0.309623 0.0269599 0.221107 0.169222 -0.0599432 -0.222696 0.0759795 -0.257066 0.00092062 0.776663 0.350459 -0.548914 0.0995533 0.430312 0.168327 0.300712 -0.454239 -0.0362737 0.147316 -0.438444 -0.434693 -0.351914 0.0976021 0.0219206 0.334791 0.174907 0.0208969 0.19559 0.18719 -0.0569071 0.271417 0.35309 0.239194 -0.0977146 0.0585192 -0.0846339 0.208536

# HIDDEN 43 BIAS
0.0128276
# HIDDEN 43 WEIGHTS (64 inputs)
0.124989 0.244556 -0.156169 0.0342679 0.167518 0.211095 0.134161 -0.214138 0.4167 -0.200113 -0.24996 0.02062 0.597724 0.19465 -0.589318 -0.0867199 0.0468587 0.0851465 0.0186431 0.173411 -0.0153244 -0.0101659 0.177397 0.124372 0.157066 0.307483 -0.13505 0.306438 -0.128005 0.0975732 0.116817 -0.114879 0.010668 0.0307225 -0.141486 0.0207864 -0.287642 0.627794 -0.00935741 0.270962 -0.316816 0.0482132 0.173424 0.0673296 0.139393 0.287124 -0.528926 0.00134689 0.113447 0.0223486 -0.0187506 0.212171 -0.155817 0.214382 0.0872701 -0.102318 0.0762963 0.234685 0.294135 -0.263902 -0.00649042 -0.0196407 -0.0463058 0.0305932

# HIDDEN 44 BIAS
-0.0671732
# HIDDEN 44 WEIGHTS (64 inputs)
-0.94704 0.138816 -0.164814 0.484288 -0.701512 0.0154676 1.04128 0.0650703 -0.884811 0.0913165 0.3595 -0.322515 -1.2924 -0.595032 0.344209 0.602996 -0.0691529 -0.0164424 0.104879 -0.0572147 -0.0906712 0.0739568 0.0954411 -0.332899 0.285704 -0.399339 0.562728 -0.340447 0.0497275 0.203258 -0.0275987 0.182623 -0.430739 0.195057 -0.350058 -0.0875686 0.0593915 0.416699 -0.0169277 0.482407 -0.331473 0.693368 -0.806141 0.814029 -0.496518 -0.216278 0.1754 0.746188 0.261826 -0.290806 -0.0580794 -0.320214 0.0892268 -0.147689 0.212206 0.376316 -0.494293 -0.0402993 -0.952123 0.25545 0.0951292 -0.11796 -0.027791 -0.233282

# HIDDEN 45 BIAS
0.285837
# HIDDEN 45 WEIGHTS (64 inputs)
-0.121187 -0.20592 0.373173 0.393936 -0.552557 0.4313 0.0690564 -1.53606 0.328448 -0.211286 -0.483237 -0.364371 0.120402 -0.801653 0.652397 0.895471 -0.352495 -0.0842297 0.168491 -0.0399764 -0.0595923 0.0261111 -0.192593 0.383825 -0.853721 0.308515 0.313302 0.0483832 -0.109882 0.137683 0.0853585 -0.31415 0.671553 0.0869034 -0.0290428 -0.0181443 -0.489992 -0.679672 0.379664 0.836212 0.146653 0.132603 0.308242 -0.218938 0.150004 -0.117156 0.343042 -0.35308 0.000402329 0.0696722 0.0850899 0.0515467 -0.218986 0.323417 0.31049 -0.833853 -0.0517884 -0.252369 0.286829 0.951955 -0.0174739 0.0375734 0.107745 -0.0257615

# HIDDEN 46 BIAS
0.423394
# HIDDEN 46 WEIGHTS (64 inputs)
0.185681 -0.127903 0.117328 -0.182627 0.074808 0.403759 -0.411075 0.342606 0.141401 0.083201 0.0499948 -0.358784 -0.243293 -0.770464 0.126177 -0.104766 -0.07354 0.0802458 -0.0601199 0.0979418 0.126168 0.150319 -0.0393152 0.0427773 -0.392327 0.403018 -0.556065 0.517029 0.102334 -0.0251837 0.00377317 -0.0611597 0.396445 0.229166 -0.0198604 -0.153539 0.736927 -0.069567 -0.507497 -0.0908352 0.0666077 0.163923 -0.0719491 -0.283224 0.093638 -0.528365 -0.0671415 -0.545009 0.0514951 0.0710891 -0.117718 0.19106 0.164774 0.058712 -0.033452 -0.0243546 -0.0465082 -0.0177015 0.214444 0.138452 -0.00563896 0.0848781 -0.129434 0.203826

# HIDDEN 47 BIAS
-0.244586
# HIDDEN 47 WEIGHTS (64 inputs)
0.396372 -0.403798 -0.247612 0.370371 -0.454833 0.832466 -0.162275 0.577523 0.679942 0.158553 0.291685 -0.039005 -0.0108387 -0.164308 -0.256473 0.10426 0.0136779 0.104919 0.0109814 0.241757 0.428313 -0.116414 0.381234 0.330682 -0.312005 -0.00960957 0.455271 -0.320136 -0.100628 0.278173 0.270617 -0.0849256 0.1291 0.226178 -0.835584 0.186411 0.491312 -0.060393 0.435561 -0.269214 0.337906 0.244662 0.330146 -0.694779 -0.0103301 -0.430747 -0.541246 -0.30325 0.234168 -0.112466 0.164749 0.065872 -0.152111 0.165896 0.223367 -0.0445547 0.0662366 0.0976403 0.346272 -0.231293 0.21373 -0.0425773 0.102678 0.0382221

# HIDDEN 48 BIAS
0.25791
# HIDDEN 48 WEIGHTS (64 inputs)
-0.109366 0.0960087 -0.326861 -0.15365 0.0830206 -0.0273542 0.120725 -0.227487 -0.0426916 -0.0788253 -0.00719272 0.138415 -0.400928 -0.0964941 -0.0936321 -0.0904321 -0.0794965 0.00322392 0.0452884 0.0228782 0.0793997 0.0454145 0.0208733 0.0393275 -0.14033 0.031123 0.158757 0.057658 0.0956255 0.0365668 0.0392999 -0.0900473 0.010244 0.0709987 -0.0810177 -0.0401007 -0.188705 -0.113733 -0.109059 0.0928882 -0.00292683 0.0344162 -0.0154209 -0.0390827 -0.312163 -0.043311 0.00865224 0.0407689 0.0105339 0.0680405 -0.0644968 0.105429 0.0605637 0.012285 0.173979 -0.175207 -0.121558 -0.10877 -0.200071 -0.251995 -0.024733 0.0104045 0.00407174 -0.0281131

# HIDDEN 49 BIAS
-0.183287
# HIDDEN 49 WEIGHTS (64 inputs)
0.553876 -0.475569 0.0675675 -0.313132 0.309908 0.303168 -0.430458 -0.220255 0.112837 -0.114981 0.241682 0.640735 0.0189024 -0.258085 0.102855 -0.40324 0.0708855 0.0954094 -0.0687555 0.0342577 -0.0494513 0.0221928 0.0251375 0.148813 -0.22177 0.420651 -0.183659 -0.204713 -0.0461679 0.147373 -0.154621 0.0839607 -0.159778 -0.299349 0.401489 0.163339 0.491278 0.187998 -0.0653942 -0.115678 0.213134 -0.0749676 0.19274 -0.0546476 0.0194364 0.185317 0.511637 -0.000746521 -0.267237 0.265687 -0.231727 -0.0272537 -0.107588 0.212796 -0.236666 0.178109 0.246215 -0.0583614 -0.0439022 -0.217895 -0.16221 0.0425757 -0.0754396 0.102635

# HIDDEN 50 BIAS
0.112518
# HIDDEN 50 WEIGHTS (64 inputs)
-0.0598921 0.340539 0.123519 -0.301639 0.381098 -0.243341 0.100874 -0.0293084 0.103851 0.142306 -0.0256646 0.256074 0.009891 0.155431 -0.272462 -0.399341 0.0137059 0.126742 -0.100055 0.00145592 0.157619 -0.0957116 0.0378946 0.0613434 -0.0915496 -0.0693079 -0.132533 0.2798 0.0598518 -0.0577774 0.101185 -0.0590028 -0.173496 -0.153729 -0.115216 -0.0640519 0.311009 -0.338684 0.119715 -0.0184611 0.267628 0.141718 0.170935 -0.326155 0.158137 0.117388 0.105797 -0.658969 -0.0624234 0.108486 -0.239772 0.169701 0.163168 -0.0494281 -0.047849 -0.0186416 -0.175885 0.352721 0.245934 0.139358 0.054274 0.109095 -0.0599227 -0.104641

# HIDDEN 51 BIAS
0.495688
# HIDDEN 51 WEIGHTS (64 inputs)
-0.0178424 0.172935 -0.730234 -0.333898 0.0486143 0.0170794 0.105252 -0.374346 0.111539 0.189009 0.00408857 0.509776 -0.677572 -0.336373 -0.30122 -0.332849 -0.0312573 0.0566192 0.247145 0.0603869 -0.0116324 0.102192 -0.077261 0.148323 -0.54464 0.222607 0.378525 0.093602 0.073745 -0.0590074 0.134241 -0.120404 0.0301641 0.0945866 -0.244082 0.00224061 -0.129938 -0.221616 -0.128334 0.0931324 0.0239671 0.0656412 -0.0510109 -0.123148 -0.6286 0.0376561 -0.118457 -0.139137 -0.148987 -0.00523237 -0.00915389 0.266532 0.104334 0.000854329 0.245724 -0.202596 -0.0319794 -0.113364 -0.617124 -0.285585 -0.187476 0.0885816 -0.0910272 0.125428

# HIDDEN 52 BIAS
0.0827905
# HIDDEN 52 WEIGHTS (64 inputs)
0.133904 -0.291469 0.109094 0.0724591 -0.210552 0.538671 -0.227439 -0.196658 0.361926 -0.25091 -0.288819 -0.329878 -0.356405 -0.565411 -0.0710812 0.0917758 -0.106442 0.149835 0.0726986 0.0881227 0.225857 0.0689528 0.0421138 0.175707 -0.433064 0.0300296 0.190087 0.102451 -0.104078 0.114402 0.0578543 0.00806627 0.403358 0.185984 -0.168642 -0.0355259 0.444897 -0.0557195 0.482363 0.0518963 0.142511 0.354057 0.365807 -0.283951 0.129093 0.017885 0.26411 -0.284742 0.13906 -0.0797631 0.139319 0.0835869 -0.0331917 0.178381 -0.0135024 -0.153898 -0.310932 -0.518371 0.127782 0.0876802 -0.00239863 0.0202532 -0.000334375 0.0723463

# HIDDEN 53 BIAS
-0.0133899
# HIDDEN 53 WEIGHTS (64 inputs)
-0.104104 0.265944 0.0814013 -0.035276 -0.0938814 -0.367494 -0.0573735 -0.000963005 -0.300008 0.0817576 -0.154312 0.2597 0.0195267 0.353914 -0.0290799 -0.0402753 0.0116009 0.0073579 -0.00902615 -0.0527601 -0.044792 -0.0647345 -0.176549 0.00844003 0.229624 -0.184045 -0.0253645 0.127472 0.126633 -0.07869 0.0076305 0.0529993 -0.0245489 0.12135 0.165194 -0.053164 -0.141316 0.0439927 0.0298117 -0.145693 -0.0254652 -0.0885266 0.0729599 0.033653 0.136657 0.0621471 0.169752 -0.0605332 0.0320596 0.089801 0.0498183 0.101371 0.0392433 -0.144355 -0.144127 0.139761 -0.0809917 0.109237 -0.00792069 0.136886 0.0911208 0.103622 -0.0557161 -0.103506

# HIDDEN 54 BIAS
-0.759025
# HIDDEN 54 WEIGHTS (64 inputs)
0.432318 -0.110228 0.0362177 0.092696 0.697057 0.66647 -0.135291 -0.171253 0.53428 -0.0826338 -0.0531754 0.378593 -0.762501 -0.0649354 0.0267659 -0.347191 0.261363 0.0979447 -0.040252 0.326794 0.304375 -0.355748 0.503987 0.207641 -0.484845 -0.154323 0.331922 -0.409792 -0.188152 0.495917 0.0387941 -0.0895342 -0.749541 -0.508269 -0.591633 0.157553 0.151833 -0.0241167 0.903219 -0.021935 0.0919556 0.177108 0.851028 -0.392397 0.0305732 0.461103 0.26046 0.00925167 -0.0255605 -0.310204 -0.226109 -0.0421485 -0.112689 0.424032 -0.00205311 0.104341 -0.233368 0.419265 0.393585 -0.77495 0.0372287 -0.242579 0.0141445 0.0199781

# HIDDEN 55 BIAS
-0.17422
# HIDDEN 55 WEIGHTS (64 inputs)
-0.219491 0.132186 -0.143618 0.0897238 0.291395 0.0415014 0.154953 -0.403572 0.697355 -0.216484 -0.0426075 0.0073837 -0.314366 -0.0366763 -0.0117949 0.107603 0.124377 0.102249 0.0885449 0.00965919 0.143689 -0.23263 0.0737435 0.0719514 -0.0175451 -0.235116 0.426655 -0.279154 -0.0220526 0.106002 0.0622953 -0.179613 -0.169755 -0.0351696 -0.371387 -0.00349014 -0.256587 0.369624 0.390987 0.0564321 -0.0773109 0.0648415 0.181766 -0.00555532 -0.351834 0.368035 0.127399 0.350178 0.0588812 -0.103497 -0.00282622 -0.0763819 -0.00818135 0.127807 0.0979384 -0.218922 -0.207352 -0.153118 -0.229218 -0.338521 0.018024 -0.202614 -0.0309559 0.112085

# HIDDEN 56 BIAS
-0.156514
# HIDDEN 56 WEIGHTS (64 inputs)
-0.01089 0.0259687 0.0552102 -0.0435345 0.257082 -0.889311 -0.430294 0.441247 0.0911387 -0.00244698 0.789674 -0.0502105 0.0727316 0.303641 0.332016 0.0791679 0.117386 -0.0386242 -0.0744629 -0.0314473 0.164681 -0.0779243 -0.12558 -0.202177 0.887249 -0.804021 -0.405171 0.0882949 0.196787 -0.18385 -0.183265 0.112121 -0.485574 -0.00147148 0.280698 -0.192778 -0.0701756 -0.350707 0.205076 -0.499553 0.122404 -0.0503891 -0.388221 0.136769 0.280548 0.0167077 -0.22434 0.00899317 0.186393 -0.154458 0.0365451 -0.0670255 0.28608 -0.397768 -0.192492 0.167305 -0.147754 -0.00262493 0.31063 0.129301 0.198765 -0.119647 0.0211544 -0.0867224

# HIDDEN 57 BIAS
0.0443677
# HIDDEN 57 WEIGHTS (64 inputs)
-0.200384 0.21319 0.0938671 0.0873698 0.152891 -0.275249 0.0447623 0.122075 -0.235409 0.066852 0.0478369 0.250866 -0.132531 -0.0557509 0.176774 0.260446 0.0711802 -0.0590106 0.0220213 0.0910686 -0.0503541 0.0649039 -0.114823 -0.0622226 0.0268532 -0.0646056 -0.240682 0.0518018 0.0835453 -0.0992553 -0.0278959 0.0375325 0.00541095 0.104269 0.1285 -0.138539 -0.064157 0.0206982 -0.159724 0.0283129 0.0430973 0.0589885 -0.28537 0.0965644 -0.0711327 -0.02318 0.0967094 -0.0130779 0.149813 -0.0589558 -0.0922564 0.101438 0.0825052 -0.120264 -0.056059 0.0785393 0.0177156 0.0648812 -0.19665 0.106081 0.0448512 0.0142912 0.0134809 -0.02901

# HIDDEN 58 BIAS
-0.43659
# HIDDEN 58 WEIGHTS (64 inputs)
-0.43369 0.0845979 -0.14376 0.460157 -0.220777 -0.0888471 0.150644 -0.839696 0.483649 0.282064 0.0371037 0.195676 -0.483899 -0.142891 0.498 0.718864 0.0879495 -0.0317122 0.0464225 0.0334192 0.0221997 -0.248487 -0.129873 -0.0492279 -0.287016 -0.446149 0.584185 -0.838385 -0.0378293 0.0597697 -0.0587872 -0.11481 -0.272353 -0.216725 -0.512629 0.128497 -0.427645 -0.137925 0.446447 0.572961 -0.076539 0.249962 0.33248 0.335987 -0.218249 0.330065 0.52791 0.170374 0.0266886 -0.182413 0.123542 -0.329065 -0.0728592 -0.156866 0.0817943 -0.258749 -0.329061 0.158783 -0.477349 0.412378 0.0430825 -0.222977 0.106771 -0.182916

# HIDDEN 59 BIAS
0.386238
# HIDDEN 59 WEIGHTS (64 inputs)
-0.00818267 0.276465 -0.175998 -0.468265 0.0370145 0.328306 -0.301439 0.384014 -0.0178678 0.142345 -0.464981 -1.16568 -0.165258 0.256473 -0.264898 -0.62022 -0.0531302 -0.0572256 -0.0379371 0.0178544 0.0422511 0.00656201 0.107908 -0.156428 0.561639 0.268153 0.278443 0.237718 0.013316 0.0335421 0.0904472 0.09617 0.0105601 0.165595 -0.354046 -0.0696667 -0.0223763 0.110119 0.0969126 0.0924224 0.103209 -0.00379967 0.254913 0.100679 0.0779411 0.225097 -0.194058 -0.0889098 -0.0469298 0.218173 0.185948 0.180398 -0.0559551 0.2384 0.0579977 0.206092 -0.072976 0.0788879 0.0427946 -0.728201 0.00193434 0.0985567 0.201826 0.0513165

# HIDDEN 60 BIAS
-0.0247707
# HIDDEN 60 WEIGHTS (64 inputs)
0.436305 0.161489 -0.0633853 0.310297 -0.995551 0.837311 -0.461727 0.325216 0.495728 -0.527863 -0.187001 -0.24296 -0.180389 -0.241196 -0.449223 0.32333 -0.198426 0.143065 -0.067764 0.13968 0.309655 -0.0528351 0.131496 0.0717522 -0.359002 0.106589 -0.0601196 0.239625 -0.0883566 0.180891 0.0196794 0.191969 0.611795 0.372295 -0.207746 -0.121377 0.783544 0.403962 -0.104697 -0.0284172 0.0440715 0.493519 0.0389143 -0.377427 -0.051246 -0.297891 -0.515853 -0.461371 0.261442 -0.211294 -0.0907902 0.0771627 -0.289219 0.340807 -0.132593 0.0439327 -0.018492 0.0754024 0.451585 0.349602 0.188636 -0.0664375 0.00483281 0.184095

# HIDDEN 61 BIAS
0.234933
# HIDDEN 61 WEIGHTS (64 inputs)
-0.0865205 0.318252 -0.11103 -0.0238107 0.218895 0.134647 -0.00213314 0.530906 -0.462401 0.171129 -0.288692 -0.438097 0.275667 0.347925 -0.209414 -0.0283046 0.062924 0.0529909 -0.0296956 0.0176602 -0.0243671 0.0974995 0.0547103 0.00561414 0.735037 -0.138044 0.0741531 0.143489 0.0256241 -0.0902863 0.035059 0.0834077 0.220269 0.0632124 -0.208992 -0.0791296 -0.285959 0.0236651 -0.318608 0.0804006 0.124347 -0.143958 -0.023499 0.134318 0.204605 -0.0630617 -0.254362 -0.199109 0.242984 0.0261318 0.30068 0.0661342 0.0215257 -0.0449766 0.0081644 0.0795243 -0.0353109 0.275248 -0.0140178 -0.142481 0.0318142 0.0522696 0.13247 -0.108446

# HIDDEN 62 BIAS
0.314176
# HIDDEN 62 WEIGHTS (64 inputs)
0.44855 0.325323 0.0546733 -0.244638 -0.194322 0.222243 0.0435481 0.529396 -0.149101 -0.324232 0.0592659 -0.311287 0.601364 0.48415 -0.672608 -0.518321 -0.180359 0.14235 0.112693 0.110685 -0.219055 0.25972 0.155861 -0.0166353 -0.221857 0.604588 -0.364033 0.19783 0.0757549 -0.030654 -0.0162948 0.0645519 0.12864 0.0968823 0.120747 0.00698905 -0.762056 0.280106 -0.554016 0.162349 -0.205385 0.00948927 0.0670685 0.326175 0.299227 0.133366 -0.294693 -0.315279 -0.0491493 0.00713301 0.295243 0.04818 -0.0473795 0.160312 0.10746 0.0072833 0.233231 0.174114 -0.0542525 -0.458272 -0.00209881 0.0840054 0.106274 0.0514952

# HIDDEN 63 BIAS
0.0808982
# HIDDEN 63 WEIGHTS (64 inputs)
-0.454073 0.34846 -0.271192 0.0293758 0.00189848 -0.804072 0.197121 -0.449289 0.136476 -1.04126 0.892499 0.0413736 -0.826253 -0.46484 0.424093 0.193493 -0.00694443 0.0496856 -0.0430497 -0.0126232 -0.0221102 -0.0619279 0.180455 -0.251412 0.52802 -0.390708 -0.133512 0.0332603 0.127832 -0.0672579 -0.0638932 0.00702005 0.137962 0.216247 0.174641 -0.0876882 -0.0746579 -0.0130675 0.108093 0.21301 -0.0908728 0.460095 -0.203106 0.116206 -0.462085 0.159396 -0.0128088 0.054548 0.146984 -0.0128407 -0.00829352 -0.00704119 0.108851 -0.135551 0.0481184 -0.148827 -0.244117 -0.266518 0.263617 0.393483 0.0749229 -0.0641786 0.0832095 -0.107712

# OUT 0 BIAS
-0.865648
# OUT 0 WEIGHTS (64 inputs)
-0.0738895 -0.167643 -0.836336 0.415358 -0.234077 -0.0797947 -0.427294 0.785601 -0.558898 -0.0318078 -0.511788 -0.409638 0.125104 -0.311454 1.12898 0.106388 0.00734213 -0.632926 0.673001 0.90233 -0.0443501 0.676711 0.679573 0.627577 -0.349163 -0.00965067 0.29287 0.240148 -0.108224 0.159782 -0.167181 0.169612 -0.337439 -0.188364 -0.111547 -0.379418 -0.00503968 -0.185454 0.00374183 0.62592 0.794381 -0.487152 -0.172052 -0.444583 0.710155 -1.02304 -0.481988 -0.182689 -0.00574258 -0.333548 -0.801374 -0.420134 -0.113902 0.0118294 -0.0565802 0.123945 0.766143 0.0341138 0.0266065 0.406136 -0.586758 -0.00578838 -0.154745 -0.534899

# OUT 1 BIAS
0.707712
# OUT 1 WEIGHTS (64 inputs)
0.0161037 0.0455515 1.13574 0.0133665 0.170765 -0.187836 -0.766926 0.682951 0.220084 -0.640006 0.0974217 0.359557 -0.259002 -0.107765 0.00766715 -0.129152 -0.449367 -0.43705 -0.967733 -0.531363 -0.381839 -0.864127 0.208387 0.547293 0.341745 -0.0287948 0.395032 -0.102531 -0.0182353 -0.224633 0.124564 0.00872548 -0.153842 -0.869106 0.57743 0.72032 -0.00641256 -0.410632 0.339328 0.682187 -0.297353 -0.116304 0.52882 -0.371442 -0.082207 1.19457 0.494779 -0.296742 0.495178 -0.0589676 0.15626 1.27007 0.378152 -0.056443 -1.11977 -0.265406 -0.477752 0.182637 -0.26031 0.401575 -0.0689833 -0.208084 0.512542 -0.182004

# OUT 2 BIAS
-0.299832
# OUT 2 WEIGHTS (64 inputs)
-0.0174072 0.303773 0.157278 -0.255312 -0.141724 0.364118 -0.926063 -1.0443 0.149921 0.0369791 0.262339 0.277104 -0.0910879 1.5309 0.549093 -0.386101 0.0175099 0.686156 -0.589681 0.631773 0.323407 -0.421815 0.784961 -0.144497 0.0272455 0.0187805 -0.431814 0.0493432 -0.0379558 -0.247339 -0.593791 0.111576 0.645706 -0.112968 -0.503946 -0.132295 0.339772 0.133867 -0.225894 -0.185109 0.497003 0.0760153 -0.756759 0.00272675 -0.448165 1.19404 -0.644833 0.116995 -0.351005 0.0794566 0.193641 -0.385832 0.463078 0.16272 0.435838 0.17793 -0.375624 -0.333224 0.840966 -0.869985 -0.545139 -0.0166309 -0.344895 -0.217306

# OUT 3 BIAS
-0.199502
# OUT 3 WEIGHTS (64 inputs)
-0.0880162 0.391944 -0.0190764 0.523567 -0.109023 0.29907 -0.190361 -0.482788 1.14961 -0.342841 -0.0980234 -0.749223 -0.46948 0.428329 0.0166453 1.29269 0.100012 0.0551428 -0.437035 -0.626672 -0.00162736 1.04112 -0.894915 -0.680882 0.176258 0.158784 0.255152 -0.140624 -0.184428 -0.551292 -0.154018 0.0829418 1.60066 -0.375799 -0.252941 -0.204047 -0.219589 0.515974 -0.0573136 0.023377 0.174709 -0.00443919 -0.231718 0.121632 -0.754301 -0.256574 -0.302877 -0.470059 -0.146063 0.752107 -0.297123 -0.12198 -0.0359047 -0.0675134 0.0857711 -0.314437 -0.0996274 -0.184393 -0.907876 -0.222497 -0.0657012 -0.383522 0.643944 -0.166252

# OUT 4 BIAS
-0.208847
# OUT 4 WEIGHTS (64 inputs)
-0.242128 -0.168369 -0.544221 -0.536146 0.194425 -0.204703 0.0197947 0.177853 -0.937138 0.321534 0.0506934 0.0772544 0.473123 -0.768358 -0.0955489 -0.482693 -0.52805 0.967678 -0.528233 -0.0847191 -0.267469 -1.45228 -0.109858 -0.267952 0.385276 0.0463955 -0.354481 -0.196294 0.199373 -0.608267 0.467934 0.493472 -0.534866 1.05895 -0.0228721 1.30652 0.196122 -0.227023 0.408191 -0.255175 -0.298807 -0.0132345 0.456687 -0.373054 0.274759 0.14885 0.910187 0.973352 0.0689212 -0.193478 -0.0325681 -0.172714 0.658522 -0.0608221 -0.0832793 0.239352 -0.694791 0.0128586 0.0985326 0.00230238 1.51478 0.0475706 -0.643885 0.565133

# OUT 5 BIAS
-0.375681
# OUT 5 WEIGHTS (64 inputs)
0.0970568 0.458122 0.0580191 -0.174589 0.341338 0.743372 0.833302 -0.506377 -0.617639 0.53728 -0.174556 0.214718 -0.369473 0.0178472 -0.205003 0.779114 0.903797 -0.0765103 0.887407 -0.35887 -0.0826708 0.962473 -0.482132 -0.415405 -0.519808 0.861378 0.372539 0.037797 0.0132144 0.0699287 0.133463 -0.344026 0.114298 0.896069 0.00752421 -0.298248 -0.254521 0.295564 -0.245573 -0.179381 -0.38068 0.139967 -0.396024 0.142636 -0.310226 -0.356802 -0.0977082 -0.881227 0.00447691 0.142515 0.242628 -0.119189 -0.777773 0.459226 -0.609056 -0.193982 0.357585 0.239247 -0.0538541 -0.387422 -0.129957 -0.0302818 -0.158511 1.19573

# OUT 6 BIAS
-0.0648262
# OUT 6 WEIGHTS (64 inputs)
0.302759 0.00779747 -0.0812982 -0.0269955 -0.159607 0.107195 -0.159882 0.58075 -0.852236 0.302621 0.172314 0.804253 -0.574927 0.078735 0.141396 -0.610612 -0.422176 0.373692 0.684533 0.925754 -0.249618 -0.699525 -0.327969 -0.0710081 -0.402066 -0.159938 -0.0756448 0.562697 -0.00244772 0.803837 -0.32941 0.174435 0.245374 0.713345 -0.325966 0.790661 -0.151509 -0.333315 0.140912 -0.631879 -0.92038 -0.394173 -0.64461 -0.271722 1.68497 -0.0668051 -0.306755 -0.236163 0.253924 -0.409624 -0.064196 0.401756 -0.457799 -0.0630539 0.157142 0.202638 0.691079 0.194387 0.691536 -0.318879 -0.674052 0.180656 -0.506716 0.548572

# OUT 7 BIAS
0.428731
# OUT 7 WEIGHTS (64 inputs)
-0.290851 -0.292993 0.076315 -0.412477 0.296105 -0.374767 0.253077 -0.0755 1.27911 -0.423408 -0.208583 -0.196592 1.63783 0.319398 -1.04197 0.37398 0.120429 -0.496099 -0.523293 -0.31378 -0.1585 0.323249 0.347874 0.46034 -0.172699 -0.256683 -0.395698 0.0320308 0.101392 -0.326522 0.040753 -0.164772 -0.251264 -0.748427 0.482494 -0.805682 0.127602 0.0244032 -0.309079 0.176968 0.25305 -0.0693092 -0.0868264 0.668919 -0.372147 0.918385 0.206234 -0.050093 -0.200318 -0.753365 0.0513282 -0.396327 -0.102932 0.0667502 -0.572242 -0.179694 -0.184888 -0.0747189 -0.23541 0.703439 0.383823 0.879434 0.776001 -0.824047

# OUT 8 BIAS
0.0948129
# OUT 8 WEIGHTS (64 inputs)
-0.0411268 0.168509 0.735778 0.255542 -0.107898 -0.180627 0.393248 -0.899726 0.404272 0.226193 0.177393 0.429684 -0.569742 -0.408084 -0.78952 -0.555788 0.157702 0.012352 1.26178 -0.433023 0.603317 0.495234 0.347901 -0.13484 -0.447286 -0.864623 -0.466437 -0.559417 -0.418556 0.266252 -0.140612 -0.168864 -0.307798 -0.98808 -0.131838 -0.550133 0.0043178 0.382668 -0.0968816 -0.276504 0.322018 0.47703 -0.112419 0.609001 -0.3465 -0.793379 -0.495074 0.686754 0.135843 0.208618 0.0223353 0.201288 -0.0134375 -0.371192 1.05971 0.726582 -0.636937 -0.295522 0.22375 -0.0929397 0.204393 -0.568141 -0.0663295 0.115033

# OUT 9 BIAS
0.78383
# OUT 9 WEIGHTS (64 inputs)
0.322532 -0.465508 -0.53667 0.0878476 -0.0615021 -0.523642 0.833157 0.659629 -0.349752 -0.161188 0.0933357 -0.796478 0.118686 -1.04421 0.118863 -0.372903 -0.0537661 -0.50877 -0.296337 -0.184136 0.0327375 -0.105664 -0.652051 -0.216588 0.923207 0.26824 0.0480456 0.289724 0.510287 0.342056 0.668879 -0.345914 -0.623046 0.49865 0.178174 -0.567908 -0.10177 -0.221842 -0.164434 -0.101469 -0.109656 0.342238 1.49959 -0.0508534 -0.58152 -0.90867 0.390317 0.290558 -0.159081 0.315819 0.510029 -0.168981 -0.286998 0.0705122 0.806618 -0.533999 0.60961 -0.0881088 -0.178467 0.608765 -0.137417 0.00669493 -0.0643358 -0.788486

