# REAL MNIST CNN WEIGHTS
# 8 Filters (5x5 stencils + biases), 10 Judges (32 dials + baselines)

# FILTER 0 BIAS
-0.729792
# FILTER 0 STENCIL 5x5
0.173959 -0.264909 0.224203 0.765991 0.713885
0.533469 0.942586 0.360275 -0.288521 -0.985452
-0.741663 -0.0653117 -0.730038 -0.454516 -0.404162
-0.476141 -0.462543 -0.236041 -0.145544 -0.487666
-0.101839 -0.192803 -0.19581 -0.133302 -0.22359

# FILTER 1 BIAS
-1.1135
# FILTER 1 STENCIL 5x5
0.212217 0.403016 0.537978 -0.0494053 -0.683487
-0.187091 -0.0419576 0.0663025 0.788192 -0.555389
0.0283338 -0.13457 0.551719 -0.0402403 -0.77179
0.33664 0.82391 0.323392 -0.480362 -0.356576
0.868879 -0.129708 -0.730297 -0.379857 0.137092

# FILTER 2 BIAS
-2.05496
# FILTER 2 STENCIL 5x5
0.0107239 0.64745 0.639204 -0.653298 -0.531174
-0.0637607 0.137627 0.818182 0.492125 -0.2163
0.116305 -0.100694 0.203703 0.614921 -0.0279746
-0.87879 -0.688836 -0.569647 0.378696 0.19071
-0.18937 0.213746 -0.000332008 0.63167 0.408786

# FILTER 3 BIAS
-1.3723
# FILTER 3 STENCIL 5x5
0.736225 0.815705 0.242244 -0.0053497 0.210082
-0.192049 -0.637765 0.79261 0.878704 1.00473
-0.183697 -0.39611 0.0522537 -0.308774 -0.486846
-0.0406904 -0.2305 -0.626541 -1.10087 0.0142803
-0.124755 -0.286876 -0.325345 0.348475 0.44527

# FILTER 4 BIAS
-1.28071
# FILTER 4 STENCIL 5x5
-0.567945 -0.384267 0.132376 0.225614 1.0027
-0.458981 -0.292767 -0.542086 0.451397 0.147394
-0.2132 -0.322077 -0.400295 0.693298 -0.0667083
-0.439433 -0.209548 -0.0524666 0.638239 -0.222633
-0.198191 -0.051974 -0.417923 0.633582 0.823736

# FILTER 5 BIAS
-0.557307
# FILTER 5 STENCIL 5x5
-0.0746337 -0.033031 -0.142811 -0.259621 0.603675
0.210102 0.201116 -0.160005 -0.354735 0.465025
0.106804 0.110743 -0.218251 -0.252084 0.422365
-0.0352691 0.121581 -0.397196 -0.137721 0.57356
-0.0350552 0.0726597 -0.152534 0.350871 0.368236

# FILTER 6 BIAS
-0.0336223
# FILTER 6 STENCIL 5x5
-0.248229 -0.259417 -0.2423 0.32953 0.140196
-0.196295 -0.0437868 -0.0914435 0.336309 -0.0939198
-0.110562 -0.26537 -0.196014 0.23598 -0.0766824
-0.177464 -0.104019 -0.313112 0.0642787 0.193603
-0.0431693 -0.0553024 -0.44895 -0.0944356 0.36878

# FILTER 7 BIAS
-2.13864
# FILTER 7 STENCIL 5x5
0.0815685 0.300067 -0.342142 0.054336 -0.162724
0.617365 0.307455 0.152326 -0.184079 -0.257191
0.943095 -0.271311 -0.758822 -0.279733 0.149224
0.471988 -0.378044 -0.750767 -0.10349 0.239286
0.49771 0.830562 1.04157 -0.0536955 0.530765

# JUDGE 0 BASELINE
-1.43547
# JUDGE 0 DIALS (32 inputs)
-0.0926967 -0.86019 -0.168356 2.01839 1.21489 -2.10227 1.91552 0.151713 -1.11961 0.970603 0.607132 -1.74739 0.143675 1.04666 -0.425456 0.0185237 0.25514 -0.0806052 -0.168169 1.12229 -0.0996074 0.0225128 0.0315231 0.394984 -0.284681 -0.0765399 0.129052 0.0439872 -0.898004 0.211237 1.2404 -1.77953

# JUDGE 1 BASELINE
2.07898
# JUDGE 1 DIALS (32 inputs)
-0.503838 -1.08503 0.189964 -0.163855 -1.12987 0.601387 -0.0601643 -0.448095 0.557491 -0.217386 -0.878795 -0.454717 0.0212608 -2.1464 -0.225051 0.271922 0.0394309 1.06618 1.84554 -0.119352 0.776442 -0.0456792 0.72748 -1.42359 0.285041 -0.0437026 0.501014 0.236298 -1.99357 -0.316322 -1.96883 1.60239

# JUDGE 2 BASELINE
-0.231393
# JUDGE 2 DIALS (32 inputs)
0.743856 -0.143382 0.979282 -0.0860303 -0.729797 0.526213 0.524745 -1.30101 0.467711 1.53736 -0.876521 -0.63131 1.40224 -0.613879 -1.28053 2.45336 -0.85674 1.39507 0.976175 -2.57403 -0.526499 0.611093 -0.247165 -0.276323 0.0582008 0.68433 0.0248734 -0.195329 -0.922524 -1.63038 1.13015 1.37337

# JUDGE 3 BASELINE
-0.439797
# JUDGE 3 DIALS (32 inputs)
0.810304 -0.425119 0.962979 -0.0437551 -1.08254 2.24783 -2.68366 1.69043 -0.236175 -0.111462 0.163162 1.72154 1.67331 0.160067 0.00483809 -0.717869 -0.769449 -0.258971 -1.44169 -0.00387785 -0.134991 -0.435389 -0.893052 0.0523547 -0.293051 -0.698875 -0.166023 -0.691049 -1.49847 0.805694 0.273903 -1.26233

# JUDGE 4 BASELINE
0.966538
# JUDGE 4 DIALS (32 inputs)
-0.281581 -1.73632 -0.0690157 -0.574021 1.59196 0.441312 0.210641 -2.29155 0.28982 -1.4373 0.842941 0.0760177 -1.89064 -2.77727 2.05521 0.330755 -1.35271 2.09097 0.108864 1.39554 0.471203 1.08435 -0.00484849 -0.655674 -0.217474 0.977153 -0.421755 0.489 2.0319 0.612577 -0.400156 0.358211

# JUDGE 5 BASELINE
0.104134
# JUDGE 5 DIALS (32 inputs)
-1.14472 2.63686 0.855799 -0.241045 -0.152824 -1.94736 -0.487447 1.32901 -0.105641 -1.23549 0.0478797 1.33267 -0.40086 1.69101 0.643838 -0.572809 1.35153 -2.89662 -2.17977 0.862444 0.159626 -1.12944 -0.629437 0.0870679 0.209065 -0.426124 -0.471969 0.0391358 0.0273699 -0.000551365 -0.0566934 0.0124296

# JUDGE 6 BASELINE
-1.40433
# JUDGE 6 DIALS (32 inputs)
-0.852177 -0.0331629 -0.302575 2.4638 0.753909 -0.606547 0.237884 0.937881 -2.14678 -0.115287 0.578657 0.0879026 -3.39416 -1.33674 -0.154946 1.72078 0.701176 -0.578458 1.0859 -0.933604 -0.10406 -1.64132 0.393816 0.810136 -0.247176 -0.330489 0.266786 -0.295288 0.261334 -0.950507 0.641948 0.766721

# JUDGE 7 BASELINE
1.4658
# JUDGE 7 DIALS (32 inputs)
0.671859 0.132547 -1.14163 -0.823223 0.12077 0.131601 0.819992 0.386908 -0.447671 0.43894 -0.924278 -0.850028 2.42156 1.3517 -1.07197 -0.874935 -0.508237 -0.000755283 0.23518 0.866671 0.215046 0.503077 0.428307 0.551678 -0.0486171 0.162081 0.0451619 0.193413 -0.383102 1.04337 -2.68848 0.370125

# JUDGE 8 BASELINE
-1.26227
# JUDGE 8 DIALS (32 inputs)
-0.194677 1.52012 -0.829699 0.67415 -1.32943 0.381644 0.368121 0.0740237 3.4344 -0.67493 -0.0136847 0.423718 -0.5027 1.54581 -0.818773 -1.08741 0.24045 0.240977 0.244719 -1.35476 -0.559623 0.958186 0.153956 -0.239979 0.552879 -0.246536 -0.136365 -0.266589 0.752308 0.466707 1.82422 -0.135415

# JUDGE 9 BASELINE
0.157798
# JUDGE 9 DIALS (32 inputs)
0.864052 -0.157364 -0.599306 -3.24878 0.737348 0.46691 -0.646318 -0.544353 -0.526479 0.851542 0.464128 0.141534 0.521366 0.804604 1.37617 -1.89697 0.828463 -0.724772 -0.896804 0.948342 -0.0873141 0.143495 -0.193913 0.795944 0.114348 -0.22765 -0.0502816 0.536254 2.46663 0.0354742 -0.127298 -1.26611

